1.660000000000000087e-01 2.557004888536586140e+00
1.769999999999999907e-01 2.472689628724155320e+00
1.869999999999999996e-01 2.396765528790832711e+00
1.970000000000000084e-01 2.316568367219063784e+00
2.079999999999999905e-01 2.208388779178159123e+00
2.179999999999999993e-01 2.170885533601437878e+00
2.280000000000000082e-01 2.185787729858506001e+00
2.389999999999999902e-01 2.172151237828526593e+00
2.489999999999999991e-01 2.163287544456353739e+00
2.590000000000000080e-01 2.143112689524281578e+00
2.700000000000000178e-01 2.121624142019504777e+00
2.800000000000000266e-01 2.124025894380762836e+00
2.899999999999999800e-01 2.110468668329382957e+00
3.009999999999999898e-01 2.106159775515618726e+00
3.109999999999999987e-01 2.139050957784783602e+00
3.210000000000000075e-01 2.155305314798810823e+00
3.320000000000000173e-01 2.159213051090604907e+00
3.420000000000000262e-01 2.196753286102014702e+00
3.519999999999999796e-01 2.237938783791907138e+00
3.629999999999999893e-01 2.284932821769602995e+00
3.729999999999999982e-01 2.329984120117559954e+00
3.830000000000000071e-01 2.362651264998708811e+00
3.940000000000000169e-01 2.401329007029232354e+00
4.040000000000000258e-01 2.436785382424968560e+00
4.139999999999999791e-01 2.488307456887110636e+00
4.249999999999999889e-01 2.544722185229657097e+00
4.349999999999999978e-01 2.578630256550946243e+00
4.450000000000000067e-01 2.588371882091133891e+00
4.560000000000000164e-01 2.576679452318428876e+00
4.660000000000000253e-01 2.577295869705300557e+00
4.769999999999999796e-01 2.589564055975445811e+00
4.869999999999999885e-01 2.612513349248191119e+00
4.969999999999999973e-01 2.609925286286946644e+00
5.080000000000000071e-01 2.569157254821121228e+00
5.180000000000000160e-01 2.533842339215287787e+00
5.280000000000000249e-01 2.511872807289413867e+00
5.390000000000000346e-01 2.499651575720104102e+00
5.490000000000000435e-01 2.520438255542079453e+00
5.590000000000000524e-01 2.552536189753241924e+00
5.699999999999999512e-01 2.552117160320034994e+00
5.799999999999999600e-01 2.583410342938186499e+00
5.899999999999999689e-01 2.685157351069020315e+00
6.009999999999999787e-01 2.821082239141567083e+00
6.109999999999999876e-01 2.981953051273610988e+00
6.209999999999999964e-01 3.127220331220683214e+00
6.320000000000000062e-01 3.212042029612937721e+00
6.420000000000000151e-01 3.279890546954272956e+00
6.520000000000000240e-01 3.305356561704047014e+00
6.630000000000000338e-01 3.250818512313475850e+00
6.730000000000000426e-01 3.182214480515102029e+00
6.830000000000000515e-01 3.107988899594076759e+00
6.939999999999999503e-01 3.027327534311409440e+00
7.039999999999999591e-01 2.965470114501240317e+00
7.139999999999999680e-01 2.923331832002655339e+00
7.249999999999999778e-01 2.915851162182322209e+00
7.349999999999999867e-01 2.930952404935979416e+00
7.449999999999999956e-01 2.948143314019859851e+00
7.560000000000000053e-01 2.955422474029728352e+00
7.660000000000000142e-01 2.964617681927975035e+00
7.760000000000000231e-01 2.968715715591507820e+00
7.870000000000000329e-01 2.914041351799936397e+00
7.970000000000000417e-01 2.830535108420314305e+00
8.070000000000000506e-01 2.752662892546052120e+00
8.179999999999999494e-01 2.663159401913449020e+00
8.279999999999999583e-01 2.557887605036624823e+00
8.389999999999999680e-01 2.465589990245742325e+00
8.489999999999999769e-01 2.385733639784626270e+00
8.589999999999999858e-01 2.318318787397454006e+00
8.699999999999999956e-01 2.270992073962390556e+00
8.800000000000000044e-01 2.246740527964900647e+00
8.900000000000000133e-01 2.205534402361477575e+00
9.010000000000000231e-01 2.168026060728975413e+00
9.110000000000000320e-01 2.140227557994709873e+00
9.210000000000000409e-01 2.094882096920970049e+00
9.320000000000000506e-01 2.064137592313070257e+00
9.419999999999999485e-01 2.028103547652338356e+00
9.519999999999999574e-01 1.977037177192174200e+00
9.619999999999999662e-01 1.947571308065509488e+00
9.729999999999999760e-01 1.933163986836088366e+00
9.829999999999999849e-01 1.902943772159335190e+00
9.929999999999999938e-01 1.858749579690604836e+00
1.004000000000000004e+00 1.822122388864150899e+00
1.014000000000000012e+00 1.780704916599041843e+00
1.024999999999999911e+00 1.731504836839909078e+00
1.034999999999999920e+00 1.703627893643444580e+00
1.044999999999999929e+00 1.644045315677156172e+00
1.056000000000000050e+00 1.576825608620052943e+00
1.066000000000000059e+00 1.577360770400988432e+00
1.076000000000000068e+00 1.567909755056074550e+00
1.086999999999999966e+00 1.511610399540834093e+00
1.096999999999999975e+00 1.448166081635666513e+00
1.106999999999999984e+00 1.425208405812988577e+00
1.118000000000000105e+00 1.405734683359558979e+00
1.127999999999999892e+00 1.342607910002022953e+00
1.139000000000000012e+00 1.333983882961109924e+00
1.149000000000000021e+00 1.367554386487060292e+00
1.159000000000000030e+00 1.385751059894958281e+00
1.169999999999999929e+00 1.395569059559576219e+00
1.179999999999999938e+00 1.389593825547595030e+00
1.189999999999999947e+00 1.410024467872809772e+00
1.201000000000000068e+00 1.427785348012788669e+00
1.211000000000000076e+00 1.440489153031011327e+00
1.221000000000000085e+00 1.497673195326670870e+00
1.231999999999999984e+00 1.581626378131067989e+00
1.241999999999999993e+00 1.710690211581278541e+00
1.252000000000000002e+00 1.830416892404569174e+00
1.262999999999999901e+00 1.911698197938157762e+00
1.272999999999999909e+00 2.035798369190819468e+00
1.282999999999999918e+00 2.162594275401652943e+00
1.294000000000000039e+00 2.258698076326271842e+00
1.304000000000000048e+00 2.405853278984402266e+00
1.314000000000000057e+00 2.585042552841248842e+00
1.324999999999999956e+00 2.764624025071040325e+00
1.334999999999999964e+00 2.919214449128395117e+00
1.344999999999999973e+00 3.053024238357763487e+00
1.356000000000000094e+00 3.185302811350907870e+00
1.366000000000000103e+00 3.273388611210101828e+00
1.375999999999999890e+00 3.327533320644588066e+00
1.387000000000000011e+00 3.333199063962426933e+00
1.397000000000000020e+00 3.282591811358823275e+00
1.407000000000000028e+00 3.206625796690346863e+00
1.417999999999999927e+00 3.116592530312552789e+00
1.427999999999999936e+00 3.026245528703842336e+00
1.439000000000000057e+00 2.921628826528106515e+00
1.449000000000000066e+00 2.835637847116588617e+00
1.459000000000000075e+00 2.790651895167148844e+00
1.469999999999999973e+00 2.770836877190716141e+00
1.479999999999999982e+00 2.751940042951517729e+00
1.489999999999999991e+00 2.728542834554736896e+00
1.500999999999999890e+00 2.735134000373656171e+00
1.510999999999999899e+00 2.734999268738476097e+00
1.520999999999999908e+00 2.725165316086346934e+00
1.532000000000000028e+00 2.704309708594783146e+00
1.542000000000000037e+00 2.684298604850063885e+00
1.552000000000000046e+00 2.666586957142031533e+00
1.562999999999999945e+00 2.608172156894555727e+00
1.572999999999999954e+00 2.537071934336904366e+00
1.582999999999999963e+00 2.472663745841718885e+00
1.594000000000000083e+00 2.393279966907340128e+00
1.604000000000000092e+00 2.313437269519102113e+00
1.614000000000000101e+00 2.260049999446914981e+00
1.625000000000000000e+00 2.221834827344283170e+00
1.635000000000000009e+00 2.160524010512264947e+00
1.645000000000000018e+00 2.099091231938240654e+00
1.655999999999999917e+00 2.053820342678492672e+00
1.665999999999999925e+00 2.022949826367426152e+00
1.675999999999999934e+00 2.017486059431390366e+00
1.687000000000000055e+00 2.020149746924717604e+00
1.697000000000000064e+00 2.024961728033396469e+00
1.707000000000000073e+00 2.028739510139239144e+00
1.717999999999999972e+00 2.015247379355695756e+00
1.727999999999999980e+00 2.004515901658053600e+00
1.737999999999999989e+00 1.994599207861067924e+00
1.749000000000000110e+00 1.979375911745921979e+00
1.758999999999999897e+00 1.955734388918904276e+00
1.768999999999999906e+00 1.922885592020492584e+00
1.780000000000000027e+00 1.923206177194738631e+00
1.790000000000000036e+00 1.943585603980436893e+00
1.800000000000000044e+00 1.956973428537035709e+00
1.810999999999999943e+00 1.963285002234774757e+00
1.820999999999999952e+00 1.966811124638052188e+00
1.832000000000000073e+00 1.963440602615724728e+00
1.842000000000000082e+00 1.955876785485220593e+00
1.852000000000000091e+00 1.963311997620347693e+00
1.862999999999999989e+00 2.006667386489350502e+00
1.872999999999999998e+00 2.049523847141086819e+00
1.883000000000000007e+00 2.069256146541553765e+00
1.893999999999999906e+00 2.099333465650466746e+00
1.903999999999999915e+00 2.141729674818930285e+00
1.913999999999999924e+00 2.188776142048336482e+00
1.925000000000000044e+00 2.255249431881094502e+00
1.935000000000000053e+00 2.315017278553229030e+00
1.945000000000000062e+00 2.359391658881585307e+00
1.955999999999999961e+00 2.407216026865889980e+00
1.965999999999999970e+00 2.486651161703225199e+00
1.975999999999999979e+00 2.549058257474709155e+00
1.987000000000000099e+00 2.565628577951220013e+00
1.997000000000000108e+00 2.636677644309216806e+00
2.007000000000000117e+00 2.757596235854697930e+00
2.017999999999999794e+00 2.868703888518297607e+00
2.028000000000000025e+00 2.996547847106733720e+00
2.037999999999999812e+00 3.121751751821403076e+00
2.048999999999999932e+00 3.229620565948885691e+00
2.059000000000000163e+00 3.350577711380531731e+00
2.068999999999999950e+00 3.435044977871468674e+00
2.080000000000000071e+00 3.448779059319399209e+00
2.089999999999999858e+00 3.391692350435103975e+00
2.100999999999999979e+00 3.302618809369316288e+00
2.111000000000000210e+00 3.250631630929595506e+00
2.120999999999999996e+00 3.174620607253723303e+00
2.132000000000000117e+00 3.056538892276687402e+00
2.141999999999999904e+00 3.009632701842535507e+00
2.152000000000000135e+00 3.024422093557709523e+00
2.162999999999999812e+00 3.027773274206640330e+00
2.173000000000000043e+00 3.021556883462563903e+00
2.182999999999999829e+00 3.009108339691344725e+00
2.193999999999999950e+00 2.998058204905301949e+00
2.204000000000000181e+00 2.953768271208829788e+00
2.213999999999999968e+00 2.915904662364666500e+00
2.225000000000000089e+00 2.880961645006750338e+00
2.234999999999999876e+00 2.760439457767549065e+00
2.245000000000000107e+00 2.618258199643419548e+00
2.255999999999999783e+00 2.518698870448788263e+00
2.266000000000000014e+00 2.419425758315389974e+00
2.275999999999999801e+00 2.322136516228105130e+00
2.286999999999999922e+00 2.259401690713716437e+00
2.297000000000000153e+00 2.198121698177787575e+00
2.306999999999999940e+00 2.134774226938296326e+00
2.318000000000000060e+00 2.081259234213748588e+00
2.327999999999999847e+00 2.039507783755678538e+00
2.338000000000000078e+00 1.997409572421239732e+00
2.349000000000000199e+00 1.949079269809209203e+00
2.358999999999999986e+00 1.910460415711354054e+00
2.370000000000000107e+00 1.851801825250207534e+00
2.379999999999999893e+00 1.804929084479498291e+00
2.390000000000000124e+00 1.775586100418675928e+00
2.400999999999999801e+00 1.726066626755757616e+00
2.411000000000000032e+00 1.696757790611258754e+00
2.420999999999999819e+00 1.664440146115203634e+00
2.431999999999999940e+00 1.607174228265249472e+00
2.442000000000000171e+00 1.594215167409970491e+00
2.451999999999999957e+00 1.609304197471689957e+00
2.463000000000000078e+00 1.591402526075662571e+00
2.472999999999999865e+00 1.556227811086795754e+00
2.483000000000000096e+00 1.554517931707447342e+00
2.494000000000000217e+00 1.572337749976130183e+00
2.504000000000000004e+00 1.560294203027108528e+00
2.513999999999999790e+00 1.531040822447265803e+00
2.524999999999999911e+00 1.525283252382979571e+00
2.535000000000000142e+00 1.536653832195136848e+00
2.544999999999999929e+00 1.553150024949296437e+00
2.556000000000000050e+00 1.583341403488205179e+00
2.565999999999999837e+00 1.607224315395956227e+00
2.576999999999999957e+00 1.599170409931349512e+00
2.587000000000000188e+00 1.591623070956186048e+00
2.596999999999999975e+00 1.607227426346377275e+00
2.608000000000000096e+00 1.609990372642023049e+00
2.617999999999999883e+00 1.607662899988676175e+00
2.628000000000000114e+00 1.636554307073248227e+00
2.638999999999999790e+00 1.659386332353017579e+00
2.649000000000000021e+00 1.685866246177317729e+00
2.658999999999999808e+00 1.763034032569989806e+00
2.669999999999999929e+00 1.859753209433982812e+00
2.680000000000000160e+00 1.953464870428951450e+00
2.689999999999999947e+00 2.038226925540921997e+00
2.701000000000000068e+00 2.125604619867015543e+00
2.710999999999999854e+00 2.222374405900140015e+00
2.721000000000000085e+00 2.305617054066003924e+00
2.732000000000000206e+00 2.393672909985823605e+00
2.741999999999999993e+00 2.488065312647560035e+00
2.751999999999999780e+00 2.560884222295103818e+00
2.762999999999999901e+00 2.586179034792448483e+00
2.773000000000000131e+00 2.547066155403113985e+00
2.782999999999999918e+00 2.473925221181917600e+00
2.794000000000000039e+00 2.414354157947835144e+00
2.803999999999999826e+00 2.370271925328399920e+00
2.814000000000000057e+00 2.343483518183987702e+00
2.825000000000000178e+00 2.348572970976205543e+00
2.834999999999999964e+00 2.376815306244891790e+00
2.845000000000000195e+00 2.409626112076311610e+00
2.855999999999999872e+00 2.454402371250484105e+00
2.866000000000000103e+00 2.507302534597689814e+00
2.876999999999999780e+00 2.565540099082452397e+00
2.887000000000000011e+00 2.650568618240244589e+00
2.896999999999999797e+00 2.703216417529310522e+00
2.907999999999999918e+00 2.693709709675487840e+00
2.918000000000000149e+00 2.671264307402021032e+00
2.927999999999999936e+00 2.634061123056941955e+00
2.939000000000000057e+00 2.566584695660752757e+00
2.948999999999999844e+00 2.513960421327272599e+00
2.959000000000000075e+00 2.463091350315696371e+00
2.970000000000000195e+00 2.379537980365095784e+00
2.979999999999999982e+00 2.305064207348680227e+00
2.990000000000000213e+00 2.272010123216884114e+00
3.000999999999999890e+00 2.239848432372154807e+00
3.011000000000000121e+00 2.177310956202627601e+00
3.020999999999999908e+00 2.129321488174108268e+00
3.032000000000000028e+00 2.106389327735972206e+00
3.041999999999999815e+00 2.080149273489765527e+00
3.052000000000000046e+00 2.060082037201431238e+00
3.063000000000000167e+00 2.065838328621095066e+00
3.072999999999999954e+00 2.084343061974204048e+00
3.083000000000000185e+00 2.103072751951296393e+00
3.093999999999999861e+00 2.106966777146711767e+00
3.104000000000000092e+00 2.105006175762911713e+00
3.113999999999999879e+00 2.116180521600177666e+00
3.125000000000000000e+00 2.130718423443135112e+00
3.134999999999999787e+00 2.175788133068107477e+00
3.145000000000000018e+00 2.202750326296650574e+00
3.156000000000000139e+00 2.173869131295626200e+00
3.165999999999999925e+00 2.192259564923825454e+00
3.177000000000000046e+00 2.228144070745875283e+00
3.186999999999999833e+00 2.231054683328044241e+00
3.197000000000000064e+00 2.230808373661888666e+00
3.208000000000000185e+00 2.201000681508299639e+00
3.217999999999999972e+00 2.186482792065832736e+00
3.228000000000000203e+00 2.206211911852530960e+00
3.238999999999999879e+00 2.200109542727361589e+00
3.249000000000000110e+00 2.193604567828942198e+00
3.258999999999999897e+00 2.190365722887390287e+00
3.270000000000000018e+00 2.167369373226446516e+00
3.279999999999999805e+00 2.162928339081071183e+00
3.290000000000000036e+00 2.177296718410239862e+00
3.301000000000000156e+00 2.186994513024667075e+00
3.310999999999999943e+00 2.215389130604372703e+00
3.321000000000000174e+00 2.264223708028868742e+00
3.331999999999999851e+00 2.283639857770922710e+00
3.342000000000000082e+00 2.327689197466018989e+00
3.351999999999999869e+00 2.391783016914368787e+00
3.362999999999999989e+00 2.444890386090959655e+00
3.373000000000000220e+00 2.536352696294425169e+00
3.383000000000000007e+00 2.616274832658067595e+00
3.394000000000000128e+00 2.689116769498862691e+00
3.403999999999999915e+00 2.754497776365048889e+00
3.414000000000000146e+00 2.776101042829673737e+00
3.424999999999999822e+00 2.796054005200900860e+00
3.435000000000000053e+00 2.815633854037133066e+00
3.444999999999999840e+00 2.832448057776170369e+00
3.455999999999999961e+00 2.854510465911799688e+00
3.466000000000000192e+00 2.854276440711375873e+00
3.475999999999999979e+00 2.837837380823643674e+00
3.487000000000000099e+00 2.857152428555396639e+00
3.496999999999999886e+00 2.884292114193706347e+00
3.508000000000000007e+00 2.888136423370613493e+00
3.517999999999999794e+00 2.884071774418937917e+00
3.528000000000000025e+00 2.870294932580971015e+00
3.539000000000000146e+00 2.858893142459158376e+00
3.548999999999999932e+00 2.860724733349925053e+00
3.559000000000000163e+00 2.869741103305313956e+00
3.569999999999999840e+00 2.878763797187952722e+00
3.580000000000000071e+00 2.858102517405560317e+00
3.589999999999999858e+00 2.806675435457402834e+00
3.600999999999999979e+00 2.733986283798804706e+00
3.611000000000000210e+00 2.636297782876585671e+00
3.620999999999999996e+00 2.523007134353765668e+00
3.632000000000000117e+00 2.442414583972180697e+00
3.641999999999999904e+00 2.378686402197649929e+00
3.652000000000000135e+00 2.300791820221899542e+00
3.662999999999999812e+00 2.245012472125711422e+00
3.673000000000000043e+00 2.210993894157105011e+00
3.682999999999999829e+00 2.159478177708679780e+00
3.693999999999999950e+00 2.102618843252385350e+00
3.704000000000000181e+00 2.052818793756526095e+00
3.713999999999999968e+00 2.019177307717180181e+00
3.725000000000000089e+00 1.985312317999361920e+00
3.734999999999999876e+00 1.937638253131889421e+00
3.745999999999999996e+00 1.897136262897317405e+00
3.755999999999999783e+00 1.871549090993875009e+00
3.766000000000000014e+00 1.834047709303114004e+00
3.777000000000000135e+00 1.781609665443022905e+00
3.786999999999999922e+00 1.747895591847522079e+00
3.797000000000000153e+00 1.706556181319560217e+00
3.807999999999999829e+00 1.657965620873967261e+00
3.818000000000000060e+00 1.665226411032445952e+00
3.827999999999999847e+00 1.651293735227018944e+00
3.838999999999999968e+00 1.617480757227114596e+00
3.849000000000000199e+00 1.612419610399228542e+00
3.858999999999999986e+00 1.589171167621663106e+00
3.870000000000000107e+00 1.581162230765711163e+00
3.879999999999999893e+00 1.577879906710266900e+00
3.890000000000000124e+00 1.556402904135044230e+00
3.900999999999999801e+00 1.565398990672984825e+00
3.911000000000000032e+00 1.562238778164208641e+00
3.920999999999999819e+00 1.554329759092323515e+00
3.931999999999999940e+00 1.562813808487754530e+00
3.942000000000000171e+00 1.553328361937681201e+00
3.951999999999999957e+00 1.542477552510894911e+00
3.963000000000000078e+00 1.551903669690873677e+00
3.972999999999999865e+00 1.572486565920357959e+00
3.983000000000000096e+00 1.612936142567336750e+00
3.994000000000000217e+00 1.657801254674395430e+00
4.003999999999999559e+00 1.700977660053182516e+00
4.014000000000000234e+00 1.752521897152785835e+00
4.025000000000000355e+00 1.838639170691193536e+00
4.035000000000000142e+00 1.942049947864369353e+00
4.046000000000000263e+00 2.028681838041638041e+00
4.056000000000000050e+00 2.131085404201342293e+00
4.065999999999999837e+00 2.260191363579641788e+00
4.076999999999999957e+00 2.408273032693760030e+00
4.086999999999999744e+00 2.533060204574696161e+00
4.097000000000000419e+00 2.587011403144562571e+00
4.107999999999999652e+00 2.627895545869356031e+00
4.118000000000000327e+00 2.682308147845806179e+00
4.128000000000000114e+00 2.706574772660086836e+00
4.139000000000000234e+00 2.653111004085581204e+00
4.149000000000000021e+00 2.552523849056067107e+00
4.158999999999999808e+00 2.471363388900952529e+00
4.169999999999999929e+00 2.418977263225101204e+00
4.179999999999999716e+00 2.383883386409662464e+00
4.190000000000000391e+00 2.396896952311467377e+00
4.200999999999999623e+00 2.415360428590317188e+00
4.211000000000000298e+00 2.426596381766032096e+00
4.221000000000000085e+00 2.475359569840309248e+00
4.232000000000000206e+00 2.531332652971552744e+00
4.241999999999999993e+00 2.568679232601844387e+00
4.251999999999999780e+00 2.609215590939161888e+00
4.262999999999999901e+00 2.629898477127967205e+00
4.272999999999999687e+00 2.621774589853216320e+00
4.283000000000000362e+00 2.605743847733310581e+00
4.293999999999999595e+00 2.561970140341217839e+00
4.304000000000000270e+00 2.475951130373941655e+00
4.315000000000000391e+00 2.395801953417686203e+00
4.325000000000000178e+00 2.320980180871866416e+00
4.334999999999999964e+00 2.241761361073029146e+00
4.346000000000000085e+00 2.187363938625669135e+00
4.355999999999999872e+00 2.105743811578227209e+00
4.365999999999999659e+00 2.014603434922118907e+00
4.376999999999999780e+00 1.971309716914112942e+00
4.386999999999999567e+00 1.934512083187903020e+00
4.397000000000000242e+00 1.892241263687059583e+00
4.408000000000000362e+00 1.886898778419234812e+00
4.418000000000000149e+00 1.879060403499578813e+00
4.427999999999999936e+00 1.848035443383053700e+00
4.439000000000000057e+00 1.857644207053654295e+00
4.448999999999999844e+00 1.906299819021131770e+00
4.458999999999999631e+00 1.928851990174466513e+00
4.469999999999999751e+00 1.944254355787842892e+00
4.480000000000000426e+00 1.986718148102543324e+00
4.490000000000000213e+00 2.023583949333459309e+00
4.501000000000000334e+00 2.047763658237932383e+00
4.511000000000000121e+00 2.077803166808636970e+00
4.520999999999999908e+00 2.099770939888443877e+00
4.532000000000000028e+00 2.119572126633108677e+00
4.541999999999999815e+00 2.140583565292418111e+00
4.551999999999999602e+00 2.157723105498015492e+00
4.562999999999999723e+00 2.189059615451347529e+00
4.573000000000000398e+00 2.224642892690869900e+00
4.583000000000000185e+00 2.235935821977008242e+00
4.594000000000000306e+00 2.243567248824960281e+00
4.604000000000000092e+00 2.251146596736871786e+00
4.613999999999999879e+00 2.243228476994708842e+00
4.625000000000000000e+00 2.233889433253132051e+00
4.634999999999999787e+00 2.228135319050438934e+00
4.644999999999999574e+00 2.219828146501435562e+00
4.655999999999999694e+00 2.208607479838823551e+00
4.666000000000000369e+00 2.220843533434987638e+00
4.676000000000000156e+00 2.250067110110273827e+00
4.687000000000000277e+00 2.256762725675873771e+00
4.697000000000000064e+00 2.276365963548040661e+00
4.708000000000000185e+00 2.285839451930078425e+00
4.717999999999999972e+00 2.279477352377075050e+00
4.727999999999999758e+00 2.308229841241984825e+00
4.738999999999999879e+00 2.321132697628465635e+00
4.748999999999999666e+00 2.328109318739135070e+00
4.759000000000000341e+00 2.384225870172538730e+00
4.769999999999999574e+00 2.453718198978847909e+00
4.780000000000000249e+00 2.511603073735975578e+00
4.790000000000000036e+00 2.588072062366115755e+00
4.801000000000000156e+00 2.669012738823102637e+00
4.810999999999999943e+00 2.720823037244429088e+00
4.820999999999999730e+00 2.790361625309522253e+00
4.831999999999999851e+00 2.843967123579314471e+00
4.841999999999999638e+00 2.816352960834277219e+00
4.852000000000000313e+00 2.761761213428850947e+00
4.863000000000000433e+00 2.739791597913972421e+00
4.873000000000000220e+00 2.722434939534827514e+00
4.883000000000000007e+00 2.685029608775292065e+00
4.894000000000000128e+00 2.646891384246810919e+00
4.903999999999999915e+00 2.632227573748136429e+00
4.913999999999999702e+00 2.655373043472423422e+00
4.924999999999999822e+00 2.681664035631607490e+00
4.934999999999999609e+00 2.692675992391212247e+00
4.945000000000000284e+00 2.689595508622067754e+00
4.956000000000000405e+00 2.703137991298261600e+00
4.966000000000000192e+00 2.731892567433793051e+00
4.975999999999999979e+00 2.723804141270073309e+00
4.987000000000000099e+00 2.685747754350732208e+00
4.996999999999999886e+00 2.653793888002608181e+00
5.008000000000000007e+00 2.603415064871523743e+00
5.017999999999999794e+00 2.551566969530684403e+00
5.027999999999999581e+00 2.510963560070117673e+00
5.038999999999999702e+00 2.455943403256679147e+00
5.049000000000000377e+00 2.414126343006926856e+00
5.059000000000000163e+00 2.393192637461514671e+00
5.070000000000000284e+00 2.337378232122477861e+00
5.080000000000000071e+00 2.299434713141470965e+00
5.089999999999999858e+00 2.299002174857605496e+00
5.100999999999999979e+00 2.290556264316596202e+00
5.110999999999999766e+00 2.269352550839115246e+00
5.121000000000000441e+00 2.248742759854937212e+00
5.131999999999999673e+00 2.210189358403483073e+00
5.142000000000000348e+00 2.165836097215114719e+00
5.152000000000000135e+00 2.135799616068885687e+00
5.163000000000000256e+00 2.063862398514009211e+00
5.173000000000000043e+00 1.982647220258813459e+00
5.182999999999999829e+00 1.966398230267714542e+00
5.193999999999999950e+00 1.904693676158977445e+00
5.203999999999999737e+00 1.823726679083244484e+00
5.214000000000000412e+00 1.807202810976122898e+00
5.224999999999999645e+00 1.781439025058112913e+00
5.235000000000000320e+00 1.745301406634395480e+00
5.245000000000000107e+00 1.720190977769619600e+00
5.256000000000000227e+00 1.703611458050221072e+00
5.266000000000000014e+00 1.701231612685350836e+00
5.275999999999999801e+00 1.671563040988882420e+00
5.286999999999999922e+00 1.633884634850331086e+00
5.296999999999999709e+00 1.634584656724759499e+00
5.307999999999999829e+00 1.618691446817459356e+00
5.317999999999999616e+00 1.586394654554786454e+00
5.328000000000000291e+00 1.604494936109179370e+00
5.339000000000000412e+00 1.619411621546541724e+00
5.349000000000000199e+00 1.591697835645949466e+00
5.358999999999999986e+00 1.590824000321845677e+00
5.370000000000000107e+00 1.581098668647848760e+00
5.379999999999999893e+00 1.569549298365616741e+00
5.389999999999999680e+00 1.606852824623338227e+00
5.400999999999999801e+00 1.661520388078340904e+00
5.410999999999999588e+00 1.737194577472541024e+00
5.421000000000000263e+00 1.846572500607544409e+00
5.432000000000000384e+00 1.953057602837151352e+00
5.442000000000000171e+00 2.067189880006188751e+00
5.451999999999999957e+00 2.171071855098305914e+00
5.463000000000000078e+00 2.248829695641712867e+00
5.472999999999999865e+00 2.297647927773095677e+00
5.482999999999999652e+00 2.297199599512414814e+00
5.493999999999999773e+00 2.276385731812602842e+00
5.503999999999999559e+00 2.263721051719933097e+00
5.514999999999999680e+00 2.230988570118636716e+00
5.525000000000000355e+00 2.189046824533454227e+00
5.535000000000000142e+00 2.170290533546142431e+00
5.544999999999999929e+00 2.182198432773701846e+00
5.556000000000000050e+00 2.215774808052478839e+00
5.565999999999999837e+00 2.270078632999306567e+00
5.576999999999999957e+00 2.342872382354617589e+00
5.586999999999999744e+00 2.416734573758566373e+00
5.597000000000000419e+00 2.485616422539889570e+00
5.607999999999999652e+00 2.513738450992863527e+00
5.618000000000000327e+00 2.523283971335767095e+00
5.628000000000000114e+00 2.592848047996642258e+00
5.639000000000000234e+00 2.605021497032222300e+00
5.649000000000000021e+00 2.562321213275181808e+00
5.658999999999999808e+00 2.607781624292954348e+00
5.669999999999999929e+00 2.585512134955084473e+00
5.679999999999999716e+00 2.481366155971343357e+00
5.690000000000000391e+00 2.419094458676634751e+00
5.700999999999999623e+00 2.329862656896324768e+00
5.711000000000000298e+00 2.224823813249039883e+00
5.721000000000000085e+00 2.146356214611172319e+00
5.732000000000000206e+00 2.087656580953869412e+00
5.741999999999999993e+00 2.050595279424976880e+00
5.751999999999999780e+00 2.025778122105182710e+00
5.762999999999999901e+00 1.993288238062925100e+00
5.772999999999999687e+00 1.964212564871735234e+00
5.783000000000000362e+00 1.960311709907381017e+00
5.793999999999999595e+00 1.955017391226993695e+00
5.804000000000000270e+00 1.938104744331430540e+00
5.815000000000000391e+00 1.942959083460071179e+00
5.825000000000000178e+00 1.957080223189637147e+00
5.834999999999999964e+00 1.984692671422958687e+00
5.846000000000000085e+00 2.028164194536527187e+00
5.855999999999999872e+00 2.057175490812584773e+00
5.865999999999999659e+00 2.094261922492026695e+00
5.876999999999999780e+00 2.148440597270494745e+00
5.886999999999999567e+00 2.187525085570448891e+00
5.897000000000000242e+00 2.207827212442133202e+00
5.908000000000000362e+00 2.244501280908522745e+00
5.918000000000000149e+00 2.272621613907603422e+00
5.927999999999999936e+00 2.281706598140961884e+00
5.939000000000000057e+00 2.303063177596307298e+00
5.948999999999999844e+00 2.308535033305754602e+00
5.958999999999999631e+00 2.307152790779145590e+00
5.969999999999999751e+00 2.318622435844180263e+00
5.980000000000000426e+00 2.311699158627696260e+00
5.990000000000000213e+00 2.286097329511584952e+00
6.001000000000000334e+00 2.279640322507039851e+00
6.011000000000000121e+00 2.280094296295659628e+00
6.020999999999999908e+00 2.256266163377007139e+00
6.032000000000000028e+00 2.228849254660350443e+00
6.041999999999999815e+00 2.252953838852452151e+00
6.051999999999999602e+00 2.285068707938559651e+00
6.062999999999999723e+00 2.280952651854045055e+00
6.073000000000000398e+00 2.319237159067610410e+00
6.083999999999999631e+00 2.389603523599678869e+00
6.094000000000000306e+00 2.447237013450066279e+00
6.104000000000000092e+00 2.503359342962971468e+00
6.115000000000000213e+00 2.572788759303802575e+00
6.125000000000000000e+00 2.646735536467518024e+00
6.134999999999999787e+00 2.728110335012130516e+00
6.145999999999999908e+00 2.822626790774862560e+00
6.155999999999999694e+00 2.889173757322324843e+00
6.166000000000000369e+00 2.951707641349325950e+00
6.176999999999999602e+00 3.025836413291373095e+00
6.187000000000000277e+00 3.035392066933034538e+00
6.197000000000000064e+00 2.985600777063135869e+00
6.208000000000000185e+00 2.914197145012670909e+00
6.217999999999999972e+00 2.829204305100640582e+00
6.227999999999999758e+00 2.758166057364929813e+00
6.238999999999999879e+00 2.707361446131639315e+00
6.248999999999999666e+00 2.661828506872672140e+00
6.259000000000000341e+00 2.645017391247172611e+00
6.269999999999999574e+00 2.657680567713132991e+00
6.280000000000000249e+00 2.669059010213150174e+00
6.290000000000000036e+00 2.663496574054489141e+00
6.301000000000000156e+00 2.643713486745490560e+00
6.310999999999999943e+00 2.629550722081625658e+00
6.320999999999999730e+00 2.613124757833042988e+00
6.331999999999999851e+00 2.572285170816019484e+00
6.341999999999999638e+00 2.534403874681381730e+00
6.352000000000000313e+00 2.498007606073288311e+00
6.363000000000000433e+00 2.444260624401579651e+00
6.373000000000000220e+00 2.384706271220839557e+00
6.384000000000000341e+00 2.326319840434672770e+00
6.394000000000000128e+00 2.275248338094108203e+00
6.403999999999999915e+00 2.234972259335672451e+00
6.415000000000000036e+00 2.191435146199859574e+00
6.424999999999999822e+00 2.149169374432829294e+00
6.434999999999999609e+00 2.124276111996743044e+00
6.445000000000000284e+00 2.090276775931838138e+00
6.456000000000000405e+00 2.039236376686135888e+00
6.466000000000000192e+00 1.988373707329686102e+00
6.477000000000000313e+00 1.935382649503709862e+00
6.487000000000000099e+00 1.909408809029643272e+00
6.496999999999999886e+00 1.911465668014992181e+00
6.508000000000000007e+00 1.907646193611383545e+00
6.517999999999999794e+00 1.888986500745836628e+00
6.527999999999999581e+00 1.850548297127097452e+00
6.538999999999999702e+00 1.790399396782740293e+00
6.549000000000000377e+00 1.760325538075273144e+00
6.559000000000000163e+00 1.775299693009605662e+00
6.570000000000000284e+00 1.750385957439101414e+00
6.580000000000000071e+00 1.728687941763926261e+00
6.589999999999999858e+00 1.749294143361830534e+00
6.600999999999999979e+00 1.726356278408370803e+00
6.610999999999999766e+00 1.722402101717249945e+00
6.621000000000000441e+00 1.759873290893409825e+00
6.631999999999999673e+00 1.764425118841828510e+00
6.642000000000000348e+00 1.760432617284739987e+00
6.652000000000000135e+00 1.761303210693718091e+00
6.663000000000000256e+00 1.764003117911076668e+00
6.673000000000000043e+00 1.783889290286815976e+00
6.682999999999999829e+00 1.832032204957107391e+00
6.693999999999999950e+00 1.875703068185367028e+00
6.703999999999999737e+00 1.883306135496828793e+00
6.714999999999999858e+00 1.875917375579212454e+00
6.724999999999999645e+00 1.871207364243738791e+00
6.735000000000000320e+00 1.857682696264354005e+00
6.746000000000000441e+00 1.854667894799497674e+00
6.756000000000000227e+00 1.859537845810081969e+00
6.766000000000000014e+00 1.886443744191700134e+00
6.777000000000000135e+00 1.952031505893283558e+00
6.786999999999999922e+00 2.011447488750327750e+00
6.796999999999999709e+00 2.056985172527988848e+00
6.807999999999999829e+00 2.110888675416114690e+00
6.817999999999999616e+00 2.194572623541996226e+00
6.828000000000000291e+00 2.261967727444403664e+00
6.839000000000000412e+00 2.321269695662268706e+00
6.849000000000000199e+00 2.426518905757793831e+00
6.858999999999999986e+00 2.461216162794320539e+00
6.870000000000000107e+00 2.388444472873505919e+00
6.879999999999999893e+00 2.306945599705376271e+00
6.889999999999999680e+00 2.227955116244490608e+00
6.900999999999999801e+00 2.176755842992043277e+00
6.910999999999999588e+00 2.187708847173224669e+00
6.921000000000000263e+00 2.199603146024300404e+00
6.932000000000000384e+00 2.205024489659921816e+00
6.942000000000000171e+00 2.238898389833714475e+00
6.951999999999999957e+00 2.295201298361431164e+00
6.963000000000000078e+00 2.356291365684643146e+00
6.972999999999999865e+00 2.427749987127999276e+00
6.983999999999999986e+00 2.531103514279888334e+00
6.993999999999999773e+00 2.590505935140855698e+00
7.003999999999999559e+00 2.604279938869859645e+00
7.014999999999999680e+00 2.638685657671258067e+00
7.025000000000000355e+00 2.641288511314127341e+00
7.035000000000000142e+00 2.575571781177919739e+00
7.046000000000000263e+00 2.498313230962042386e+00
7.056000000000000050e+00 2.448983054249253222e+00
7.065999999999999837e+00 2.377543480149206356e+00
7.076999999999999957e+00 2.306729502997696635e+00
7.086999999999999744e+00 2.255939272232299952e+00
7.097000000000000419e+00 2.188549291197253499e+00
7.107999999999999652e+00 2.122150795773005694e+00
7.118000000000000327e+00 2.072039333603491240e+00
7.128000000000000114e+00 2.041416420037812873e+00
7.139000000000000234e+00 2.021706704742307625e+00
7.149000000000000021e+00 2.017725947694582356e+00
7.158999999999999808e+00 2.018046084706689669e+00
7.169999999999999929e+00 1.994812021219041887e+00
7.179999999999999716e+00 1.998550724900421516e+00
7.190000000000000391e+00 2.017351233672510347e+00
7.200999999999999623e+00 2.014981389492220831e+00
7.211000000000000298e+00 2.012394345052678890e+00
7.221000000000000085e+00 2.020638018052713925e+00
7.232000000000000206e+00 2.033623859026048919e+00
7.241999999999999993e+00 2.046211377155351396e+00
7.253000000000000114e+00 2.055134058887643445e+00
7.262999999999999901e+00 2.073855105835506585e+00
7.272999999999999687e+00 2.109169030684833412e+00
7.283999999999999808e+00 2.134671403284355673e+00
7.293999999999999595e+00 2.149729750457019861e+00
7.304000000000000270e+00 2.178964432935976081e+00
7.315000000000000391e+00 2.210486145624984466e+00
7.325000000000000178e+00 2.230767580901246827e+00
7.334999999999999964e+00 2.260491318275741346e+00
7.344999999999999751e+00 2.307655303549470904e+00
7.355999999999999872e+00 2.339263345585528509e+00
7.365999999999999659e+00 2.345194235026173857e+00
7.376999999999999780e+00 2.357602383778910404e+00
7.386999999999999567e+00 2.374798938857772157e+00
7.397000000000000242e+00 2.396765528790832711e+00
7.408000000000000362e+00 2.431174818889007661e+00
7.418000000000000149e+00 2.464860442296886056e+00
7.427999999999999936e+00 2.497562411632590074e+00
7.439000000000000057e+00 2.517966044250795843e+00
7.448999999999999844e+00 2.539537556327922996e+00
7.458999999999999631e+00 2.648542240554226268e+00
7.469999999999999751e+00 2.823842063572252759e+00
7.480000000000000426e+00 2.980769196029776413e+00
7.490000000000000213e+00 3.103702466410077854e+00
7.501000000000000334e+00 3.169446954911850245e+00
7.511000000000000121e+00 3.195117994691275776e+00
7.520999999999999908e+00 3.243616037696200660e+00
7.532000000000000028e+00 3.244774568440772278e+00
7.541999999999999815e+00 3.188575073602627263e+00
7.551999999999999602e+00 3.154159317472724045e+00
7.562999999999999723e+00 3.104579037486402626e+00
7.573000000000000398e+00 3.063604413105582402e+00
7.583000000000000185e+00 3.040650752717253269e+00
7.594000000000000306e+00 3.017633841273656081e+00
7.604000000000000092e+00 3.015492165468184549e+00
7.613999999999999879e+00 3.009145061308942992e+00
7.625000000000000000e+00 3.004476826337657336e+00
7.634999999999999787e+00 3.023127188855936787e+00
7.644999999999999574e+00 3.026046430575711099e+00
7.655999999999999694e+00 2.967733310120705514e+00
7.666000000000000369e+00 2.876023122299262713e+00
7.676999999999999602e+00 2.783840692281079665e+00
7.687000000000000277e+00 2.679879474901809555e+00
7.697000000000000064e+00 2.552592603609122879e+00
7.708000000000000185e+00 2.428325142974061990e+00
7.717999999999999972e+00 2.338224326278383725e+00
7.727999999999999758e+00 2.281753054123079494e+00
7.738999999999999879e+00 2.205009070276129357e+00
7.748999999999999666e+00 2.111610286013970050e+00
7.759000000000000341e+00 2.047853998702055645e+00
7.769999999999999574e+00 1.984458364390646379e+00
7.780000000000000249e+00 1.869573480770413632e+00
7.790000000000000036e+00 1.771864836831523071e+00
7.801000000000000156e+00 1.723631341093564417e+00
7.810999999999999943e+00 1.664974774583687145e+00
7.820999999999999730e+00 1.633684486062103813e+00
7.831999999999999851e+00 1.599306099531918823e+00
7.841999999999999638e+00 1.544394055932617249e+00
7.852000000000000313e+00 1.542004539552332298e+00
7.863000000000000433e+00 1.528460009290396826e+00
7.873000000000000220e+00 1.480776485496714034e+00
7.883000000000000007e+00 1.466836732564330115e+00
7.894000000000000128e+00 1.468363374645390573e+00
7.903999999999999915e+00 1.433823908295575933e+00
7.913999999999999702e+00 1.410398879749980461e+00
7.924999999999999822e+00 1.446702802928092835e+00
7.934999999999999609e+00 1.462261946437778404e+00
7.945000000000000284e+00 1.434008019503377973e+00
7.956000000000000405e+00 1.431705975401374120e+00
7.966000000000000192e+00 1.442689155708879678e+00
7.975999999999999979e+00 1.433507935101860475e+00
7.987000000000000099e+00 1.447632550062342371e+00
7.996999999999999886e+00 1.456560675014947792e+00
8.007999999999999119e+00 1.462299900841137257e+00
8.018000000000000682e+00 1.510648205241710285e+00
8.028000000000000469e+00 1.544898054889059624e+00
8.038999999999999702e+00 1.555980398334117831e+00
8.048999999999999488e+00 1.582727392825435286e+00
8.058999999999999275e+00 1.624613800261465180e+00
8.070000000000000284e+00 1.669984730469114220e+00
8.080000000000000071e+00 1.695923052499729522e+00
8.089999999999999858e+00 1.723550405413198261e+00
8.101000000000000867e+00 1.790885255955835920e+00
8.111000000000000654e+00 1.881285464781993211e+00
8.121000000000000441e+00 1.989001256912624527e+00
8.131999999999999673e+00 2.109732447491861507e+00
8.141999999999999460e+00 2.228034335462539151e+00
8.151999999999999247e+00 2.321909989642148009e+00
8.163000000000000256e+00 2.385610613658482038e+00
8.173000000000000043e+00 2.459886379489914177e+00
8.182999999999999829e+00 2.547254796835212165e+00
8.194000000000000838e+00 2.623379880993219615e+00
8.204000000000000625e+00 2.685733791722478170e+00
8.214000000000000412e+00 2.722286355253612733e+00
8.224999999999999645e+00 2.710386503803470681e+00
8.234999999999999432e+00 2.679601649499417704e+00
8.244999999999999218e+00 2.629653399214428866e+00
8.256000000000000227e+00 2.548296293604807694e+00
8.266000000000000014e+00 2.470563903241524972e+00
8.275999999999999801e+00 2.415767165933008442e+00
8.287000000000000810e+00 2.383229321739727347e+00
8.297000000000000597e+00 2.372625128417888085e+00
8.307999999999999829e+00 2.362336343537896788e+00
8.317999999999999616e+00 2.368995989865748886e+00
8.327999999999999403e+00 2.386968789071193253e+00
8.339000000000000412e+00 2.418377348554190842e+00
8.349000000000000199e+00 2.467021280816199091e+00
8.358999999999999986e+00 2.497309352082757172e+00
8.369999999999999218e+00 2.521580853353705187e+00
8.380000000000000782e+00 2.523314090635567553e+00
8.390000000000000568e+00 2.502670973180454173e+00
8.400999999999999801e+00 2.497673317309531793e+00
8.410999999999999588e+00 2.471220548635835623e+00
8.420999999999999375e+00 2.397100123065367239e+00
8.432000000000000384e+00 2.319298600870530080e+00
8.442000000000000171e+00 2.280442500919503512e+00
8.451999999999999957e+00 2.229686300805564070e+00
8.462999999999999190e+00 2.176172327735099277e+00
8.473000000000000753e+00 2.182436482466328265e+00
8.483000000000000540e+00 2.144888342082170052e+00
8.493999999999999773e+00 2.087765551971772382e+00
8.503999999999999559e+00 2.084796632767810465e+00
8.515000000000000568e+00 2.055584345143735447e+00
8.525000000000000355e+00 2.024527105276686445e+00
8.535000000000000142e+00 2.016865637567361702e+00
8.545999999999999375e+00 2.007135271973466306e+00
8.555999999999999162e+00 2.013012170852426674e+00
8.566000000000000725e+00 2.027901871393189559e+00
8.576999999999999957e+00 2.032382099901492545e+00
8.586999999999999744e+00 2.026850019118336288e+00
8.596999999999999531e+00 2.021411635466660695e+00
8.608000000000000540e+00 2.039014713041571003e+00
8.618000000000000327e+00 2.082108066359669163e+00
8.628000000000000114e+00 2.101103043641601165e+00
8.638999999999999346e+00 2.117397695285418102e+00
8.648999999999999133e+00 2.136305221638518770e+00
8.659000000000000696e+00 2.140626310218577188e+00
8.669999999999999929e+00 2.160626298090440489e+00
8.679999999999999716e+00 2.165297439152413350e+00
8.691000000000000725e+00 2.177194754724528725e+00
8.701000000000000512e+00 2.222623899808512160e+00
8.711000000000000298e+00 2.249738429240164095e+00
8.721999999999999531e+00 2.280911440630696507e+00
8.731999999999999318e+00 2.314560217406322007e+00
8.742000000000000881e+00 2.348338348705313994e+00
8.753000000000000114e+00 2.396895283486535799e+00
8.762999999999999901e+00 2.429875716986364953e+00
8.772999999999999687e+00 2.455696031678187730e+00
8.784000000000000696e+00 2.476661664418456255e+00
8.794000000000000483e+00 2.489283230168877203e+00
8.804000000000000270e+00 2.562753792310139112e+00
8.814999999999999503e+00 2.661073843394805127e+00
8.824999999999999289e+00 2.774997837836995718e+00
8.835000000000000853e+00 2.941499447560716352e+00
8.846000000000000085e+00 3.093562832722167588e+00
8.855999999999999872e+00 3.220418295811896758e+00
8.865999999999999659e+00 3.349682223734066433e+00
8.877000000000000668e+00 3.458239147311822137e+00
8.887000000000000455e+00 3.509342246062643333e+00
8.897000000000000242e+00 3.547429773793978836e+00
8.907999999999999474e+00 3.600500659630546441e+00
8.917999999999999261e+00 3.562320311257818339e+00
8.928000000000000824e+00 3.426634938244808026e+00
8.939000000000000057e+00 3.305785231983469075e+00
8.948999999999999844e+00 3.240050771207142688e+00
8.960000000000000853e+00 3.218805679130071429e+00
8.970000000000000639e+00 3.219920030062858540e+00
8.980000000000000426e+00 3.218439684070528273e+00
8.990999999999999659e+00 3.234951931636697253e+00
9.000999999999999446e+00 3.262705319209811883e+00
9.010999999999999233e+00 3.245135128157223825e+00
9.022000000000000242e+00 3.193787250272003053e+00
9.032000000000000028e+00 3.106212162747419292e+00
9.041999999999999815e+00 2.992164935293507355e+00
9.053000000000000824e+00 2.905456074353903961e+00
9.063000000000000611e+00 2.810385027002528346e+00
9.073000000000000398e+00 2.689287080250080120e+00
9.083999999999999631e+00 2.594085966193102166e+00
9.093999999999999417e+00 2.496777322870423532e+00
9.103999999999999204e+00 2.373616228458172994e+00
9.115000000000000213e+00 2.263064294270050070e+00
9.125000000000000000e+00 2.185032951696610048e+00
9.134999999999999787e+00 2.142341009269999486e+00
9.146000000000000796e+00 2.081213588270074411e+00
9.156000000000000583e+00 1.990806118134058833e+00
9.166000000000000369e+00 1.898433301435686449e+00
9.176999999999999602e+00 1.792873949835849468e+00
9.186999999999999389e+00 1.689789927772088474e+00
9.196999999999999176e+00 1.621560359653626771e+00
9.208000000000000185e+00 1.556365959535224386e+00
9.217999999999999972e+00 1.489702319257105723e+00
9.228999999999999204e+00 1.427612692574565134e+00
9.239000000000000767e+00 1.365574238186997968e+00
9.249000000000000554e+00 1.312385995048712894e+00
9.259999999999999787e+00 1.272273555490327723e+00
9.269999999999999574e+00 1.212851598506593964e+00
9.279999999999999361e+00 1.138900346825831855e+00
9.291000000000000369e+00 1.115852140742670473e+00
9.301000000000000156e+00 1.121244397979316521e+00
9.310999999999999943e+00 1.084963593859259445e+00
9.321999999999999176e+00 1.039877396619428573e+00
9.332000000000000739e+00 1.032947723749851665e+00
9.342000000000000526e+00 1.046902574263718133e+00
9.352999999999999758e+00 1.064004699237743212e+00
9.362999999999999545e+00 1.075285078479190970e+00
9.372999999999999332e+00 1.074013966389636865e+00
9.384000000000000341e+00 1.094818706453264845e+00
9.394000000000000128e+00 1.124684844745406975e+00
9.403999999999999915e+00 1.138773902054310394e+00
9.414999999999999147e+00 1.162582470192975226e+00
9.425000000000000711e+00 1.210335490680166659e+00
9.435000000000000497e+00 1.292401253481286094e+00
9.445999999999999730e+00 1.377206956125331283e+00
9.455999999999999517e+00 1.430984626052984598e+00
9.465999999999999304e+00 1.491381238986195790e+00
9.477000000000000313e+00 1.589252339938500569e+00
9.487000000000000099e+00 1.658186057111806777e+00
9.496999999999999886e+00 1.726088641988006378e+00
9.507999999999999119e+00 1.833251483021355543e+00
9.518000000000000682e+00 1.908006813405025426e+00
9.528999999999999915e+00 1.984873295704287610e+00
9.538999999999999702e+00 2.094357658089945229e+00
9.548999999999999488e+00 2.201301660381874914e+00
9.560000000000000497e+00 2.303910805565180908e+00
9.570000000000000284e+00 2.382964120585956191e+00
9.580000000000000071e+00 2.483561555508539964e+00
9.590999999999999304e+00 2.620214113388446009e+00
9.601000000000000867e+00 2.735755105999073233e+00
9.611000000000000654e+00 2.825245830011965609e+00
9.621999999999999886e+00 2.937047837540274209e+00
9.631999999999999673e+00 3.085264494334318819e+00
9.641999999999999460e+00 3.223092459114382802e+00
9.653000000000000469e+00 3.322278435050259215e+00
9.663000000000000256e+00 3.414715947190922751e+00
9.673000000000000043e+00 3.484915780904898952e+00
9.683999999999999275e+00 3.503418473434197100e+00
9.694000000000000838e+00 3.480118676137352818e+00
9.704000000000000625e+00 3.429956413717235808e+00
9.714999999999999858e+00 3.404643153107238529e+00
9.724999999999999645e+00 3.394453269673924911e+00
9.736000000000000654e+00 3.352084873627158235e+00
9.746000000000000441e+00 3.287405816141353743e+00
9.756000000000000227e+00 3.230924635456543736e+00
9.766999999999999460e+00 3.136669252567123589e+00
9.776999999999999247e+00 3.004741087015651679e+00
9.787000000000000810e+00 2.912232992052661729e+00
9.798000000000000043e+00 2.788399361641011431e+00
9.807999999999999829e+00 2.661678605692280097e+00
9.817999999999999616e+00 2.592727135662370674e+00
9.829000000000000625e+00 2.477055308223859331e+00
9.839000000000000412e+00 2.337801745229907358e+00
9.849000000000000199e+00 2.221730181637725288e+00
9.859999999999999432e+00 2.110788004513953986e+00
9.869999999999999218e+00 2.027840723528354427e+00
9.880000000000000782e+00 1.946583930890214642e+00
9.891000000000000014e+00 1.848981882009664401e+00
9.900999999999999801e+00 1.787951621269434854e+00
9.910999999999999588e+00 1.755679070901057459e+00
9.922000000000000597e+00 1.723877895907943936e+00
9.932000000000000384e+00 1.705431910103713422e+00
9.942000000000000171e+00 1.716960395582845189e+00
9.952999999999999403e+00 1.728947946006472502e+00
9.962999999999999190e+00 1.738857958546355720e+00
9.973000000000000753e+00 1.761844771822989042e+00
9.983999999999999986e+00 1.774219264916261585e+00
9.993999999999999773e+00 1.780044100577286459e+00
1.000500000000000078e+01 1.798838792110065699e+00
1.001500000000000057e+01 1.835259654653804029e+00
1.002500000000000036e+01 1.862978797517567120e+00
1.003599999999999959e+01 1.867952354852767671e+00
1.004599999999999937e+01 1.877258905958365531e+00
1.005599999999999916e+01 1.889507078578960941e+00
1.006700000000000017e+01 1.905465297506097277e+00
1.007699999999999996e+01 1.914600741669134631e+00
1.008699999999999974e+01 1.904519361938859401e+00
1.009800000000000075e+01 1.895541611255210590e+00
1.010800000000000054e+01 1.896990511309953664e+00
1.011800000000000033e+01 1.894854611837013536e+00
1.012800000000000011e+01 1.914290991463941438e+00
1.013899999999999935e+01 1.968343719983885354e+00
1.014899999999999913e+01 2.027846394577261790e+00
1.016000000000000014e+01 2.083901149287076926e+00
1.016999999999999993e+01 2.154096330250808489e+00
1.017999999999999972e+01 2.214734747097268031e+00
1.019100000000000072e+01 2.274176114552256767e+00
1.020100000000000051e+01 2.326260088640133450e+00
1.021100000000000030e+01 2.343808225943410761e+00
1.022199999999999953e+01 2.399397215969044428e+00
1.023199999999999932e+01 2.506010375078283836e+00
1.024200000000000088e+01 2.588169623498429051e+00
1.025300000000000011e+01 2.648983767409683221e+00
1.026299999999999990e+01 2.710513973400617171e+00
1.027299999999999969e+01 2.799895176609295877e+00
1.028400000000000070e+01 2.902189862844951840e+00
1.029400000000000048e+01 2.964472634382041338e+00
1.030499999999999972e+01 3.016714935157115640e+00
1.031499999999999950e+01 2.974672082768115455e+00
1.032499999999999929e+01 2.899336648269738248e+00
1.033600000000000030e+01 2.905042168368645594e+00
1.034600000000000009e+01 2.907986588689844609e+00
1.035599999999999987e+01 2.876306485755646847e+00
1.036700000000000088e+01 2.824629710245220693e+00
1.037700000000000067e+01 2.771749627942610594e+00
1.038700000000000045e+01 2.697464920995266802e+00
1.039799999999999969e+01 2.610626361622819136e+00
1.040799999999999947e+01 2.565176602107543058e+00
1.041799999999999926e+01 2.518329208026623078e+00
1.042900000000000027e+01 2.483976247873557863e+00
1.043900000000000006e+01 2.476600492610788518e+00
1.044899999999999984e+01 2.460811857903809408e+00
1.046000000000000085e+01 2.451991231631956758e+00
1.047000000000000064e+01 2.431323302236870543e+00
1.048000000000000043e+01 2.402900330850199495e+00
1.049099999999999966e+01 2.357805123414570936e+00
1.050099999999999945e+01 2.279628259168586357e+00
